# id	left	top	right	bottom	texture_id
[SPRITES]
#red
32001	160	144	177	175	40
32002	179	144	196	175	40

32003	199	144	216	175	40
32004	219	144	236	175	40

32005	240	144	257	175	40
32006	261	144	278	175	40

32007	112	144	129	175	40
32008	134	144	151	175	40

#green
#dleft
32009	32	144	49	175	40
32010	50	144	67	175	40
#dright
32011	49	112	66	143	40
32012	67	112	84	143	40
#uleft
32013	68	144	85	175	40
32014	86	144	103	175	40
#uright
32015	13	112	30	143	40
32016	31	112	46	143	40
# ani_id	sprite1_id	time1	sprite2_id	time2	...
[ANIMATIONS]
#red
#look up
32000	32001	200	32002	200
32100	32003	200	32004	200

#look down
32200	32005	200	32006	200
32300	32007	200	32008	200
#green
#look up
32400	32013	200	32014	200
32500	32015	200	32016	200
#look down
32600	32009	200	32010	200
32700	32011	200	32012	200