# list of object assets to load in this scene
[ASSETS]
mario.txt
coin.txt
cloud.txt
brick.txt
question_brick.txt
goomba.txt
koopa.txt
fireball.txt
straightfireball.txt
plant.txt
eatingplant.txt
#
[OBJECTS]
# type	x	y	extra_settings per object type
# type: 0 = Mario , 1 = Brick, 2 = Goomba, 3 = Koopas, 4 =coin
# 5 = platform, 6= pipe, 7=question brick, 8 = ghostplatform, 10 = plant (type 0-1)
# 11 = eatingplant 12 = pbutton
# See OBJECT_TYPE constants in AssetIDs.h

# MARIO
0	10	10
11	1816	364
10	360	348	0
10	1880	348	1
#12	2144	368
12	2048	338
3	200	338
3	260	338
#GOOMBA
2	244	368
2	528	368
2	833	368
2	881	368
#COIN
4	1072	288
4	1104	256
4	1136	24
4	160	328
4	180	328


4	100	100
4	120	100
4	140	100
4	160	100
4	180	100

#question brick
7	176	320
7	192	320
7	224	272
7	240	272
7	656	352
7	704	320

7	1464	336
#Brick

1	1968	368
1	1984	368
1	2000	368
1	2016	368
1	2032	368
1	2048	368
1	2064	368

1	1984	352
1	2000	352
1	2016	352
1	2032	352
1	2048	352

1	2000	336
1	2016	336
1	2032	336
1	2048	336

1	2112	368
1	2128	368
1	2112	352
#GHOST PLATFORM
8	240	336	16	16	3
8	272	304	16	16	3

8	400	336	16	16	5
8	464	304	16	16	4
8	512	272	16	16	4
8	512	352	16	16	6

8	1280	352	16	16	7
8	1312	320	16	16	7
8	1344	288	16	16	7

8	2160	336	16	16	3
8	2192	240	16	16	3

8	1296	96	16	16	5
#PLATFORM
#..ground
5	0	384	16	16	39
5	624	376	16	32	30
5	1168	384	16	16	22
5	1552	384	16	16	5
5	1680	384	16	16	36
5	2272	384	16	16	33

5	1421	144	16	16	4
5	1504	128	16	16	13
#..quirly brick
5	1520	304	16	16	2
5	1584	368	16	16	3
5	1600	352	16	16	2
5	1616	336	16	16	1

5	1680	368	16	16	3
5	1680	352	16	16	2
5	1680	336	16	16	1
#..brick-blocked pipe
5	2272	336	16	16	2
5	2272	352	16	16	2
5	2272	368	16	16	2
5	2272	272	16	16	2
5	2272	256	16	16	2
5	2272	240	16	16	2
5	2272	224	16	16	2
5	2272	208	16	16	2

#Pipes
6	360	351	32	48	1
6	1816	359	32	32	1
6	1880	351	32	48	1
6	2344	359	32	32	1

#Portal 
#50	200	368	216	180	1

